person 0.6577 608 347 626 378
person 0.6363 289 59 303 96
person 0.6303 347 114 367 143
person 0.4221 1066 98 1082 127
person 0.3889 1219 127 1233 151
person 0.1668 1151 109 1169 134
person 0.1578 1237 132 1254 158
person 0.1208 1221 131 1253 157
person 0.1181 260 32 345 95
person 0.0825 1019 132 1067 187
person 0.0509 1023 153 1062 187
person 0.0501 1271 150 1280 174
person 0.0472 1023 274 1044 311
person 0.0448 183 30 209 53
person 0.0413 1221 128 1249 147
person 0.0395 889 48 920 81
person 0.0385 735 43 742 58
person 0.0377 1130 110 1168 135
person 0.0367 1244 132 1256 148
person 0.0328 359 90 373 111
person 0.0325 968 265 1017 298
person 0.0321 133 5 151 27
person 0.0296 1052 102 1082 132
person 0.0282 898 227 914 266
person 0.0275 1028 274 1041 294
person 0.0262 547 123 580 177
person 0.0256 795 228 819 255
person 0.0254 1217 133 1234 158
person 0.0248 757 155 774 176
person 0.0232 1117 106 1157 129
person 0.0225 1197 130 1229 154
person 0.0204 736 0 751 16
person 0.0183 701 34 710 47
person 0.0161 1231 130 1261 164
person 0.0134 1026 85 1037 100
person 0.0132 1232 401 1279 463
person 0.0118 1090 360 1112 391
person 0.0117 1048 104 1068 128
person 0.0106 1001 269 1018 291
person 0.0105 1024 169 1045 188
person 0.0103 1211 127 1239 160
person 0.0097 879 155 894 173
person 0.0091 1023 285 1053 315
person 0.0087 1002 270 1036 301
person 0.0087 1050 94 1077 115
person 0.0083 632 12 642 29
person 0.0081 1028 86 1051 104
person 0.0080 999 17 1016 41
person 0.0080 729 0 747 13
person 0.0068 742 0 755 15
person 0.0060 899 226 914 247
person 0.0059 183 23 237 53
person 0.0053 752 194 765 210
person 0.0052 989 269 1049 309
person 0.0051 635 147 653 166
person 0.0050 557 121 592 171
person 0.0048 415 113 424 129
person 0.0042 897 236 915 283
person 0.0041 57 175 74 189
person 0.0041 960 101 970 119
person 0.0039 288 56 299 88
person 0.0039 401 0 414 11
person 0.0037 454 33 475 59
person 0.0035 940 248 998 306
person 0.0032 567 129 599 185
person 0.0031 1264 401 1279 423
person 0.0030 586 145 623 180
person 0.0030 1239 131 1259 151
person 0.0028 596 346 633 379
person 0.0027 673 191 688 214
person 0.0022 666 21 676 38
person 0.0020 895 231 908 278
person 0.0019 835 31 850 45
person 0.0019 955 266 1014 315
person 0.0019 926 330 943 357
person 0.0018 782 13 794 31
person 0.0018 964 104 975 127
person 0.0018 292 53 312 83
person 0.0017 129 -1 156 31
person 0.0017 258 56 312 97
person 0.0017 953 232 1017 300
person 0.0017 1018 159 1042 188
person 0.0016 1046 124 1074 153
person 0.0014 1083 11 1094 21
person 0.0014 754 151 776 185
person 0.0014 981 230 1013 275
person 0.0013 1011 283 1039 312
person 0.0013 1048 81 1059 103
person 0.0013 571 122 591 152
person 0.0013 1201 80 1211 93
person 0.0013 965 108 991 129
person 0.0013 876 154 892 184
person 0.0012 776 195 789 220
person 0.0012 549 147 576 181
person 0.0012 185 5 203 21
person 0.0011 600 146 631 167
person 0.0011 645 150 667 175
person 0.0011 759 194 788 214
person 0.0010 706 152 723 171
person 0.0010 175 20 374 108
person 0.0010 432 6 442 22
person 0.0010 878 228 909 248
person 0.0010 594 660 613 687
