person 0.7793 761 221 788 290
person 0.4874 668 106 684 142
person 0.1493 577 68 586 93
person 0.1199 629 418 650 453
person 0.1185 772 255 791 289
person 0.0699 629 386 654 440
person 0.0424 586 294 596 309
person 0.0238 779 307 791 324
person 0.0214 71 228 81 245
person 0.0188 765 249 790 293
person 0.0137 681 72 692 84
person 0.0094 586 286 598 311
person 0.0092 667 74 691 114
person 0.0091 495 528 506 543
person 0.0080 675 103 688 128
person 0.0064 449 593 462 609
person 0.0056 678 72 693 95
person 0.0050 643 418 656 444
person 0.0041 659 103 681 144
person 0.0037 762 224 781 258
person 0.0023 934 143 951 165
person 0.0015 643 398 656 435
person 0.0013 626 303 648 403
person 0.0013 662 74 684 96
person 0.0012 659 71 695 144
person 0.0010 618 312 627 335
person 0.0010 580 265 599 312
person 0.0010 588 298 597 311
