person 0.7065 531 264 547 303
person 0.1054 1193 37 1253 77
person 0.0696 1224 39 1253 74
person 0.0520 1197 16 1208 31
person 0.0375 1194 16 1210 45
person 0.0297 1185 21 1216 71
person 0.0259 1182 38 1214 90
person 0.0094 513 261 549 316
person 0.0078 1189 50 1224 84
person 0.0071 1226 56 1251 78
person 0.0050 1228 37 1250 54
person 0.0049 1191 22 1253 64
person 0.0040 1203 52 1246 80
person 0.0036 1169 26 1263 172
person 0.0024 841 503 855 518
person 0.0022 1183 16 1241 80
person 0.0018 767 301 794 358
person 0.0014 493 282 543 318
person 0.0014 1258 59 1280 85
person 0.0011 1173 22 1217 170
