person 0.7384 406 374 424 404
person 0.3083 1090 104 1134 192
person 0.2531 1125 401 1144 432
person 0.0873 1260 523 1279 569
person 0.0403 441 434 451 455
person 0.0397 1094 94 1110 110
person 0.0301 1107 231 1119 246
person 0.0229 1202 502 1265 547
person 0.0170 31 278 46 305
person 0.0143 20 275 47 304
person 0.0102 0 307 8 323
person 0.0098 1224 515 1252 546
person 0.0077 1191 496 1277 561
person 0.0075 1186 400 1200 418
person 0.0067 1098 180 1110 195
person 0.0057 1264 526 1280 608
person 0.0053 1229 505 1279 559
person 0.0046 1090 93 1120 166
person 0.0042 18 272 36 298
person 0.0034 1182 367 1244 417
person 0.0034 1140 250 1167 292
person 0.0030 1096 167 1111 197
person 0.0030 1015 32 1024 47
person 0.0026 1099 135 1137 193
person 0.0023 1258 516 1280 672
person 0.0015 9 271 44 311
person 0.0013 1118 400 1156 435
person 0.0013 1238 522 1280 574
person 0.0012 1092 151 1118 198
person 0.0011 1094 93 1116 132
person 0.0011 1182 364 1214 416
person 0.0010 1183 388 1207 417
person 0.0010 394 373 437 406
person 0.0010 6 277 30 304
