person 0.2266 402 402 419 435
person 0.1997 1094 429 1116 459
person 0.0887 1145 453 1171 483
person 0.0666 997 184 1014 208
person 0.0184 1209 636 1248 674
person 0.0148 1029 98 1071 174
person 0.0137 1038 158 1051 177
person 0.0059 0 242 25 684
person 0.0058 952 27 963 48
person 0.0052 1222 645 1247 675
person 0.0051 1041 122 1072 158
person 0.0050 1048 216 1067 232
person 0.0047 1092 436 1110 462
person 0.0036 1036 149 1059 176
person 0.0025 1030 80 1045 95
person 0.0021 1103 429 1124 460
person 0.0019 1029 82 1048 138
person 0.0016 406 412 420 438
person 0.0011 1031 81 1047 104
person 0.0011 0 480 13 682
