person 0.7284 658 272 673 307
person 0.6064 661 22 676 55
person 0.5294 774 48 785 74
person 0.5140 721 32 735 58
person 0.4139 797 41 811 72
person 0.3845 921 75 939 115
person 0.1527 926 89 952 129
person 0.0809 916 80 931 118
person 0.0784 628 15 644 46
person 0.0482 910 73 936 108
person 0.0452 933 63 947 96
person 0.0400 907 72 925 114
person 0.0345 931 96 967 131
person 0.0299 1003 110 1021 135
person 0.0260 596 -1 606 21
person 0.0228 878 249 895 270
person 0.0161 0 202 36 264
person 0.0148 925 53 950 104
person 0.0143 773 45 801 75
person 0.0141 802 43 817 73
person 0.0112 896 69 922 103
person 0.0103 788 59 799 74
person 0.0069 954 78 970 117
person 0.0066 957 76 968 101
person 0.0048 927 77 972 147
person 0.0043 661 17 676 36
person 0.0042 932 47 952 85
person 0.0038 638 28 660 56
person 0.0036 745 353 762 370
person 0.0029 1015 110 1047 140
person 0.0029 688 30 708 47
person 0.0026 725 30 734 49
person 0.0026 1271 437 1279 504
person 0.0025 758 50 784 72
person 0.0024 929 94 988 170
person 0.0018 697 28 719 44
person 0.0017 780 41 822 73
person 0.0017 715 1 729 16
person 0.0015 872 303 892 322
person 0.0013 922 43 958 119
person 0.0011 583 0 604 26
person 0.0011 660 39 674 60
person 0.0011 618 16 638 45
person 0.0011 903 53 953 128
person 0.0011 929 46 950 61
person 0.0010 856 37 869 52
person 0.0010 313 1 344 75
person 0.0010 897 66 917 86
