person 0.5253 1105 75 1143 106
person 0.2900 681 212 702 241
person 0.2794 818 113 836 149
person 0.1763 809 107 858 149
person 0.1219 915 55 933 74
person 0.1214 803 114 828 141
person 0.1191 1125 74 1143 91
person 0.0977 803 103 898 150
person 0.0945 1159 95 1171 107
person 0.0942 823 110 848 150
person 0.0560 810 110 840 139
person 0.0395 825 104 870 147
person 0.0335 679 213 737 243
person 0.0197 560 429 571 453
person 0.0160 837 105 869 134
person 0.0092 1108 73 1170 108
person 0.0067 1256 95 1280 124
person 0.0060 1122 72 1139 85
person 0.0057 1104 88 1126 108
person 0.0048 1189 282 1205 314
person 0.0037 821 99 946 150
person 0.0029 914 48 957 74
person 0.0028 912 48 937 81
person 0.0026 1103 85 1117 105
person 0.0025 1155 82 1171 104
person 0.0023 848 106 880 129
person 0.0019 800 120 813 139
person 0.0015 557 424 577 462
person 0.0013 559 432 573 467
person 0.0012 1141 79 1173 106
person 0.0011 1103 59 1156 124
person 0.0011 876 102 911 123
