person 0.7215 753 386 769 418
person 0.4347 1235 486 1274 514
person 0.3888 940 423 960 458
person 0.1203 927 425 958 446
person 0.0927 1256 426 1279 442
person 0.0557 926 427 940 443
person 0.0532 1237 423 1280 517
person 0.0221 941 425 984 447
person 0.0156 945 423 960 437
person 0.0146 928 422 976 459
person 0.0100 1251 487 1278 515
person 0.0096 1247 451 1279 513
person 0.0058 856 262 868 281
person 0.0056 1251 419 1279 464
person 0.0050 358 61 368 84
person 0.0033 1227 454 1277 529
person 0.0032 927 424 947 437
person 0.0022 1117 376 1142 411
person 0.0017 1254 398 1278 448
person 0.0015 1048 407 1065 422
person 0.0014 942 443 960 458
person 0.0013 268 213 303 247
person 0.0011 979 427 990 443
person 0.0010 749 385 789 419
