person 0.5145 522 378 545 406
person 0.4633 354 241 376 273
person 0.1357 159 417 201 476
person 0.1203 319 206 331 223
person 0.0904 400 231 413 246
person 0.0808 907 186 921 206
person 0.0478 159 442 181 478
person 0.0451 527 371 554 406
person 0.0431 395 230 414 252
person 0.0295 209 347 222 364
person 0.0293 356 235 394 272
person 0.0188 542 344 556 375
person 0.0110 526 338 560 406
person 0.0095 174 417 202 442
person 0.0095 537 343 559 387
person 0.0064 351 241 365 269
person 0.0060 372 231 414 272
person 0.0057 362 195 372 217
person 0.0035 350 236 362 252
person 0.0029 178 441 199 474
person 0.0018 354 194 371 234
person 0.0016 322 204 338 225
person 0.0013 480 330 561 403
person 0.0013 521 395 546 411
person 0.0011 159 430 173 469
person 0.0010 166 455 191 477
