person 0.7321 524 353 541 387
person 0.5099 813 251 835 282
person 0.4952 895 283 912 314
person 0.4817 1039 133 1057 165
person 0.4715 1001 117 1018 154
person 0.3941 953 319 973 384
person 0.3506 782 232 804 261
person 0.2454 919 310 936 339
person 0.1993 774 233 799 286
person 0.1591 772 255 795 291
person 0.1051 610 90 646 133
person 0.1019 1038 125 1057 153
person 0.0750 822 249 837 273
person 0.0642 618 91 646 118
person 0.0604 915 309 959 345
person 0.0418 842 33 851 51
person 0.0413 936 60 950 76
person 0.0341 1016 112 1037 140
person 0.0289 630 89 648 114
person 0.0275 1118 114 1132 137
person 0.0244 777 243 831 281
person 0.0243 937 311 979 385
person 0.0221 842 32 853 61
person 0.0220 609 110 633 138
person 0.0192 888 267 910 304
person 0.0188 787 228 802 244
person 0.0180 958 311 975 333
person 0.0177 1174 335 1206 358
person 0.0152 988 114 1027 155
person 0.0148 1009 113 1030 133
person 0.0139 942 306 976 353
person 0.0133 963 307 976 327
person 0.0131 1119 112 1141 131
person 0.0128 1041 121 1064 143
person 0.0108 795 227 810 245
person 0.0099 1116 114 1133 155
person 0.0097 814 248 852 283
person 0.0094 805 39 822 53
person 0.0093 839 52 859 77
person 0.0092 502 580 524 601
person 0.0092 1020 121 1062 167
person 0.0073 1202 52 1229 84
person 0.0055 599 80 649 145
person 0.0050 1003 133 1018 158
person 0.0050 1115 131 1128 160
person 0.0046 810 240 830 262
person 0.0042 1118 111 1142 146
person 0.0041 1067 115 1090 134
person 0.0041 916 294 950 334
person 0.0038 1030 129 1072 169
person 0.0037 1189 331 1219 358
person 0.0036 812 38 826 51
person 0.0034 1170 33 1218 85
person 0.0033 881 278 976 358
person 0.0032 961 330 990 374
person 0.0031 790 226 815 260
person 0.0030 1127 110 1146 122
person 0.0029 803 41 818 58
person 0.0029 1139 286 1153 302
person 0.0028 989 128 1006 152
person 0.0025 762 225 829 293
person 0.0024 605 42 626 77
person 0.0023 952 358 969 389
person 0.0021 1113 141 1127 158
person 0.0020 928 293 976 368
person 0.0019 698 101 718 145
person 0.0018 509 353 555 390
person 0.0017 497 565 523 602
person 0.0016 839 33 861 69
person 0.0015 1141 149 1155 169
person 0.0014 983 340 997 359
person 0.0013 643 89 658 113
person 0.0013 1203 332 1220 361
person 0.0012 957 317 987 364
person 0.0011 1063 434 1090 461
person 0.0011 1268 398 1280 446
person 0.0010 1167 337 1215 388
person 0.0010 1062 118 1088 154
person 0.0010 533 327 543 341
person 0.0010 1181 34 1199 53
person 0.0010 982 116 1012 151
