person 0.5639 363 230 383 262
person 0.2973 561 364 574 394
person 0.1958 328 197 340 214
person 0.0973 549 328 563 352
person 0.0836 221 335 235 353
person 0.0798 500 135 512 155
person 0.0663 406 222 420 235
person 0.0547 175 422 204 462
person 0.0475 909 177 920 193
person 0.0448 560 357 581 395
person 0.0247 178 405 214 434
person 0.0206 174 430 190 462
person 0.0114 363 228 381 244
person 0.0056 497 135 507 156
person 0.0055 541 327 558 350
person 0.0051 547 328 571 387
person 0.0046 355 229 393 264
person 0.0035 373 190 382 211
person 0.0028 174 420 189 452
person 0.0025 497 128 515 157
person 0.0019 543 321 566 354
person 0.0018 550 356 592 395
person 0.0017 194 425 215 459
person 0.0016 357 402 370 419
person 0.0014 183 439 207 462
