person 0.7782 750 379 772 415
person 0.3945 1232 463 1271 491
person 0.3830 936 407 955 440
person 0.0550 922 409 940 426
person 0.0376 0 536 30 573
person 0.0356 925 406 967 441
person 0.0268 940 407 955 421
person 0.0233 951 409 984 429
person 0.0196 940 409 985 439
person 0.0191 926 406 949 422
person 0.0134 1257 463 1273 479
person 0.0133 848 243 860 263
person 0.0053 1044 388 1062 406
person 0.0050 919 412 942 434
person 0.0032 0 488 26 573
person 0.0031 3 466 61 574
person 0.0029 967 409 986 434
person 0.0029 754 380 772 401
person 0.0024 245 205 280 238
person 0.0024 1230 433 1278 510
person 0.0023 1228 467 1247 489
person 0.0021 1239 407 1276 489
person 0.0013 939 426 956 440
person 0.0011 955 407 979 421
person 0.0011 332 48 344 69
