person 0.3486 528 295 546 334
person 0.1269 1226 36 1251 70
person 0.1180 1197 36 1251 72
person 0.0899 1198 40 1226 74
person 0.0780 1194 14 1208 27
person 0.0449 1228 36 1249 55
person 0.0410 1191 12 1211 44
person 0.0378 1186 26 1224 71
person 0.0191 1 198 66 289
person 0.0166 1185 41 1213 76
person 0.0161 1231 46 1254 72
person 0.0093 867 676 896 706
person 0.0080 1193 28 1250 58
person 0.0043 1208 56 1241 76
person 0.0042 1226 57 1251 76
person 0.0040 1199 55 1221 77
person 0.0027 505 294 549 341
person 0.0024 845 666 866 688
person 0.0020 854 669 899 712
person 0.0020 769 299 797 358
person 0.0019 1183 13 1246 77
person 0.0018 1182 53 1204 85
person 0.0012 845 661 889 697
person 0.0010 1203 306 1223 335
