person 0.6232 644 357 660 387
person 0.5973 953 307 982 338
person 0.5538 251 101 271 137
person 0.2696 1247 113 1267 149
person 0.2657 28 45 47 80
person 0.1656 638 163 651 183
person 0.1609 1007 78 1017 95
person 0.1143 1241 98 1272 151
person 0.0985 911 260 924 288
person 0.0975 638 164 666 185
person 0.0851 21 33 89 72
person 0.0773 509 118 527 142
person 0.0707 473 116 536 166
person 0.0573 651 165 669 184
person 0.0449 596 42 603 54
person 0.0427 1021 80 1033 97
person 0.0373 954 66 967 87
person 0.0314 885 216 899 242
person 0.0257 567 36 574 48
person 0.0205 23 33 48 72
person 0.0164 565 37 581 51
person 0.0122 835 189 849 210
person 0.0121 234 99 276 138
person 0.0118 523 131 548 160
person 0.0110 607 141 618 154
person 0.0096 16 36 57 78
person 0.0092 1004 80 1018 105
person 0.0077 246 71 276 100
person 0.0067 533 137 548 158
person 0.0063 474 115 508 153
person 0.0060 640 359 652 388
person 0.0054 478 111 493 127
person 0.0051 1003 78 1026 97
person 0.0049 1195 120 1274 159
person 0.0049 834 187 861 232
person 0.0048 635 157 647 183
person 0.0042 534 31 543 44
person 0.0040 882 215 904 251
person 0.0040 844 196 879 245
person 0.0039 431 10 440 22
person 0.0038 0 41 17 98
person 0.0036 854 204 885 243
person 0.0035 290 0 301 19
person 0.0034 859 204 877 230
person 0.0033 899 234 923 285
person 0.0031 1029 76 1039 93
person 0.0029 88 35 106 55
person 0.0028 659 168 670 185
person 0.0026 1232 121 1265 156
person 0.0026 634 134 644 155
person 0.0024 636 159 669 195
person 0.0024 709 100 719 119
person 0.0022 382 20 399 48
person 0.0022 463 132 485 161
person 0.0021 855 201 903 251
person 0.0020 849 310 865 353
person 0.0019 596 39 606 55
person 0.0019 1016 80 1040 99
person 0.0018 908 268 920 292
person 0.0018 1025 86 1050 109
person 0.0018 710 105 724 125
person 0.0018 9 9 55 84
person 0.0017 25 55 41 83
person 0.0017 702 3 717 19
person 0.0017 883 202 898 238
person 0.0017 951 289 988 357
person 0.0016 98 39 135 73
person 0.0016 900 207 916 240
person 0.0016 1057 99 1075 115
person 0.0015 728 156 743 173
person 0.0014 549 0 560 14
person 0.0013 952 316 976 343
person 0.0013 951 307 992 388
person 0.0013 212 73 273 145
person 0.0011 566 33 575 51
person 0.0011 649 358 661 372
person 0.0011 633 167 647 190
person 0.0011 1223 89 1281 164
person 0.0011 881 226 904 278
person 0.0011 501 523 512 539
person 0.0010 420 35 434 62
person 0.0010 994 80 1022 105
person 0.0010 633 356 672 389
person 0.0010 410 166 421 185
