person 0.4611 960 45 998 76
person 0.1436 690 170 720 203
person 0.1062 507 38 518 63
person 0.0640 706 170 723 206
person 0.0426 1012 49 1024 60
person 0.0377 965 42 1027 72
person 0.0283 696 148 756 202
person 0.0150 960 54 983 77
person 0.0148 714 151 744 187
person 0.0145 707 182 719 207
person 0.0081 976 38 992 53
person 0.0058 959 53 973 74
person 0.0049 691 154 741 191
person 0.0049 502 33 522 66
person 0.0044 1101 236 1117 258
person 0.0031 0 610 8 659
person 0.0031 714 147 767 185
person 0.0018 960 26 1014 88
person 0.0010 740 146 774 171
