person 0.4754 450 297 464 322
person 0.3570 706 391 723 428
person 0.1411 872 0 884 9
person 0.0820 705 381 732 429
person 0.0722 241 468 275 510
person 0.0571 298 384 311 398
person 0.0460 241 478 264 509
person 0.0346 491 283 502 295
person 0.0197 418 249 427 264
person 0.0181 245 453 293 507
person 0.0137 449 291 472 324
person 0.0085 239 481 253 509
person 0.0080 474 284 503 302
person 0.0068 255 464 284 507
person 0.0045 709 382 731 407
person 0.0034 248 486 271 510
person 0.0026 704 384 717 422
person 0.0020 722 380 735 421
person 0.0012 460 282 504 319
