person 0.4814 1093 70 1136 102
person 0.3905 678 225 702 258
person 0.2738 813 116 828 151
person 0.1757 793 106 888 151
person 0.1514 797 116 828 142
person 0.1272 804 111 840 148
person 0.0863 796 118 814 140
person 0.0707 674 225 728 259
person 0.0511 1118 70 1134 86
person 0.0454 815 107 860 153
person 0.0334 1148 89 1164 102
person 0.0329 827 107 859 134
person 0.0320 1116 70 1148 93
person 0.0293 836 107 858 128
person 0.0238 1092 77 1121 103
person 0.0162 1 131 17 163
person 0.0123 0 532 15 598
person 0.0123 1120 85 1164 103
person 0.0055 558 438 569 459
person 0.0049 678 227 695 246
person 0.0040 838 108 894 138
person 0.0037 795 125 809 142
person 0.0034 1100 68 1132 87
person 0.0033 1091 60 1162 112
person 0.0033 1183 277 1196 310
person 0.0033 812 104 921 137
person 0.0032 858 109 894 124
person 0.0032 1108 71 1170 104
person 0.0026 877 108 894 122
person 0.0019 676 216 745 268
person 0.0013 573 473 591 518
person 0.0012 792 117 831 155
person 0.0012 1127 69 1149 86
