person 0.5308 660 306 674 337
person 0.4909 1075 89 1092 115
person 0.1928 645 45 656 68
person 0.1011 47 0 85 17
person 0.0882 47 0 134 18
person 0.0729 327 706 343 719
person 0.0483 1225 70 1249 98
person 0.0411 640 28 658 69
person 0.0356 750 49 764 72
person 0.0206 1217 72 1241 109
person 0.0192 1227 78 1276 118
person 0.0121 623 29 646 49
person 0.0101 1233 69 1257 97
person 0.0055 1201 68 1223 100
person 0.0055 1051 81 1071 102
person 0.0054 1048 82 1065 95
person 0.0053 795 307 809 356
person 0.0042 2 0 69 17
person 0.0039 1054 81 1079 108
person 0.0037 642 26 656 46
person 0.0031 29 0 88 23
person 0.0028 0 368 6 380
person 0.0026 274 625 287 647
person 0.0022 653 642 686 671
person 0.0021 712 28 740 62
person 0.0020 1074 80 1093 95
person 0.0013 639 304 681 338
person 0.0010 1069 95 1086 116
