person 0.6064 969 89 1006 131
person 0.5946 1011 175 1038 208
person 0.3424 500 290 519 325
person 0.1879 496 226 505 244
person 0.1423 290 217 312 246
person 0.0825 983 90 1006 117
person 0.0765 856 102 872 120
person 0.0757 948 89 959 105
person 0.0570 7 251 56 286
person 0.0244 1014 179 1060 208
person 0.0192 8 254 29 280
person 0.0126 701 343 715 385
person 0.0094 995 90 1007 106
person 0.0045 499 227 510 245
person 0.0044 492 290 553 326
person 0.0042 1169 89 1184 106
person 0.0042 944 88 965 106
person 0.0027 989 94 1013 128
person 0.0026 34 249 57 267
person 0.0019 989 85 1006 102
person 0.0016 497 232 505 250
person 0.0014 500 288 517 305
person 0.0014 975 86 998 101
person 0.0013 1026 179 1047 192
person 0.0012 490 225 509 246
person 0.0010 991 89 1011 110
