person 0.5411 556 96 569 123
person 0.5250 631 346 646 377
person 0.0372 552 79 573 126
person 0.0274 730 77 757 106
person 0.0169 552 49 576 94
person 0.0119 768 96 786 124
person 0.0059 1019 139 1040 169
person 0.0044 740 71 767 107
person 0.0040 1264 136 1279 166
person 0.0036 425 39 452 65
person 0.0033 752 89 782 120
person 0.0029 375 25 385 43
person 0.0014 737 9 748 22
person 0.0013 542 93 572 128
person 0.0012 555 49 576 69
person 0.0012 429 36 445 53
person 0.0011 620 345 657 383
person 0.0011 561 51 577 80
person 0.0010 704 357 719 387
person 0.0010 630 346 650 396
person 0.0010 640 346 657 381
