person 0.5582 946 199 966 228
person 0.3693 665 360 684 390
person 0.3319 1168 49 1187 83
person 0.1016 1106 4 1117 28
person 0.0943 1216 65 1237 93
person 0.0934 1266 295 1279 326
person 0.0618 1219 49 1240 88
person 0.0290 1087 147 1115 204
person 0.0278 1256 280 1280 322
person 0.0258 1227 47 1242 73
person 0.0184 1179 42 1197 59
person 0.0153 1268 313 1279 356
person 0.0129 707 29 722 53
person 0.0128 1171 64 1187 86
person 0.0071 1260 294 1279 336
person 0.0063 1084 155 1098 198
person 0.0057 1223 39 1247 82
person 0.0057 933 200 965 229
person 0.0050 1162 43 1207 83
person 0.0031 1100 3 1120 29
person 0.0029 1164 16 1250 93
person 0.0022 732 9 765 38
person 0.0021 1186 37 1243 87
person 0.0020 1183 42 1205 62
person 0.0019 1260 308 1279 358
person 0.0019 947 192 966 215
person 0.0017 1190 61 1244 95
person 0.0016 654 359 693 393
person 0.0014 1156 15 1207 89
person 0.0013 946 200 978 238
person 0.0012 1205 29 1263 102
person 0.0011 1143 56 1156 74
