person 0.3948 541 181 558 209
person 0.0926 541 170 575 211
person 0.0921 316 440 335 469
person 0.0356 318 419 357 466
person 0.0339 588 154 603 167
person 0.0303 543 155 598 208
person 0.0170 333 440 354 466
person 0.0166 314 433 345 470
person 0.0080 326 405 361 448
person 0.0037 547 186 565 211
person 0.0018 548 152 593 188
person 0.0017 338 408 357 431
person 0.0016 342 446 353 465
person 0.0015 533 182 560 219
person 0.0014 164 523 183 552
person 0.0011 541 170 555 194
person 0.0011 381 369 397 383
person 0.0010 677 212 686 224
person 0.0010 169 507 184 527
