person 0.6180 617 382 632 413
person 0.3908 196 14 210 36
person 0.2394 458 183 470 214
person 0.1592 0 132 10 166
person 0.0979 195 13 214 46
person 0.0773 741 174 763 206
person 0.0234 605 35 614 50
person 0.0158 555 149 582 191
person 0.0118 983 57 1018 82
person 0.0097 997 61 1016 82
person 0.0089 756 174 772 209
person 0.0084 1242 305 1279 359
person 0.0082 665 339 674 372
person 0.0058 781 201 795 222
person 0.0043 193 15 204 37
person 0.0038 1266 51 1279 84
person 0.0037 320 46 327 59
person 0.0035 1245 95 1280 356
person 0.0029 413 18 421 31
person 0.0023 427 136 450 161
person 0.0022 459 174 471 200
person 0.0021 1241 216 1280 363
person 0.0020 822 68 849 86
person 0.0014 628 130 637 150
person 0.0013 368 122 384 141
person 0.0012 1268 48 1279 71
person 0.0010 605 380 644 414
