person 0.4733 143 525 171 556
person 0.1604 419 546 481 574
person 0.1108 101 533 113 548
person 0.0564 319 602 335 625
person 0.0192 140 525 158 555
person 0.0172 735 317 755 350
person 0.0147 417 546 446 569
person 0.0145 451 546 480 568
person 0.0132 140 525 152 540
person 0.0055 3 482 206 590
person 0.0053 68 494 217 572
person 0.0042 57 458 289 610
person 0.0025 59 527 153 558
person 0.0023 150 534 174 557
person 0.0015 853 13 876 52
person 0.0015 136 523 157 543
person 0.0013 374 565 385 579
person 0.0013 465 551 482 572
