person 0.7057 994 519 1022 547
person 0.5298 375 203 389 235
person 0.4529 629 367 646 401
person 0.2278 981 483 1007 509
person 0.1743 1005 472 1028 499
person 0.0812 197 118 229 148
person 0.0799 981 477 1022 505
person 0.0742 445 180 454 196
person 0.0511 984 498 1026 541
person 0.0468 978 478 999 507
person 0.0463 986 446 1009 469
person 0.0367 995 443 1008 460
person 0.0350 198 118 209 133
person 0.0305 1004 465 1024 488
person 0.0212 981 450 1002 471
person 0.0154 876 242 888 264
person 0.0154 1012 401 1026 418
person 0.0140 376 200 400 238
person 0.0112 994 487 1026 512
person 0.0076 503 303 511 319
person 0.0067 975 486 988 507
person 0.0057 380 207 412 239
person 0.0055 982 445 1016 485
person 0.0034 379 217 394 236
person 0.0033 875 413 890 427
person 0.0029 1010 521 1024 544
person 0.0023 196 117 228 134
person 0.0020 995 436 1008 455
person 0.0017 980 462 1027 539
person 0.0016 416 242 431 259
person 0.0015 545 489 562 534
person 0.0014 987 519 1009 546
person 0.0014 1015 466 1033 486
person 0.0013 365 201 418 239
person 0.0013 974 447 1030 515
person 0.0013 616 365 666 402
person 0.0010 990 532 1005 547
