person 0.6081 1080 414 1100 444
person 0.5061 380 394 396 427
person 0.1658 381 453 392 472
person 0.0191 0 187 8 204
person 0.0164 1265 147 1279 168
person 0.0089 995 180 1007 202
person 0.0088 1078 422 1092 445
person 0.0067 953 24 963 44
person 0.0062 1127 382 1141 401
person 0.0029 1091 415 1104 444
person 0.0027 1140 476 1159 498
person 0.0021 1080 234 1097 259
person 0.0015 1044 128 1067 149
person 0.0015 386 394 399 428
person 0.0011 1199 635 1221 650
person 0.0010 0 186 11 247
person 0.0010 377 390 397 460
