person 0.6570 558 224 574 255
person 0.5622 116 579 148 608
person 0.1684 417 519 485 551
person 0.0738 67 606 81 617
person 0.0488 444 519 481 542
person 0.0278 450 519 468 533
person 0.0191 116 580 129 600
person 0.0075 332 610 349 631
person 0.0029 637 181 646 228
person 0.0018 465 523 484 540
person 0.0016 82 552 193 651
person 0.0015 508 536 520 547
person 0.0013 113 582 123 600
person 0.0013 546 223 589 258
person 0.0013 418 521 443 548
person 0.0010 558 222 570 244
person 0.0010 64 609 76 619
