person 0.3206 1011 67 1059 100
person 0.1845 735 167 757 200
person 0.0706 726 166 749 196
person 0.0288 724 160 771 199
person 0.0231 1063 73 1079 90
person 0.0182 0 506 14 573
person 0.0164 1020 65 1048 86
person 0.0150 1031 70 1080 95
person 0.0146 724 138 830 201
person 0.0128 1018 63 1067 89
person 0.0097 821 86 836 106
person 0.0078 734 163 755 184
person 0.0078 1010 70 1036 101
person 0.0061 730 146 796 196
person 0.0058 754 149 785 193
person 0.0043 1010 57 1080 108
person 0.0022 1055 69 1077 86
person 0.0018 561 23 572 42
person 0.0013 530 113 541 123
person 0.0010 0 230 8 243
person 0.0010 679 377 740 416
