person 0.5650 591 241 615 269
person 0.5111 367 106 389 138
person 0.2708 194 304 216 340
person 0.1874 206 283 229 330
person 0.1784 195 294 227 339
person 0.0919 558 207 571 230
person 0.0905 412 95 424 109
person 0.0519 601 227 621 267
person 0.0430 230 213 246 230
person 0.0425 212 300 229 336
person 0.0371 210 282 227 306
person 0.0240 192 306 205 339
person 0.0215 367 105 380 123
person 0.0136 584 221 618 268
person 0.0101 368 104 378 116
person 0.0057 216 316 229 337
person 0.0047 553 197 574 233
person 0.0038 328 70 341 88
person 0.0028 830 583 842 596
person 0.0028 920 48 932 68
person 0.0024 378 100 421 140
person 0.0022 611 227 623 259
person 0.0019 593 252 618 270
person 0.0019 193 319 203 341
person 0.0019 373 63 383 85
person 0.0014 502 4 515 28
person 0.0013 210 269 228 302
person 0.0013 559 214 570 237
person 0.0013 372 279 381 295
person 0.0011 587 231 603 261
