person 0.6565 714 274 730 308
person 0.0815 1136 1 1173 55
person 0.0398 702 275 728 310
person 0.0239 1250 410 1280 474
person 0.0196 1125 7 1182 94
person 0.0162 1111 26 1130 45
person 0.0081 1228 415 1280 481
person 0.0079 1263 175 1279 226
person 0.0072 1143 0 1169 24
person 0.0071 1112 23 1144 46
person 0.0051 692 277 722 306
person 0.0044 1121 0 1168 44
person 0.0024 1147 -1 1176 42
person 0.0018 1247 167 1279 472
person 0.0017 1110 5 1155 48
person 0.0012 1242 143 1279 238
person 0.0012 1252 337 1280 471
person 0.0010 1253 94 1280 390
