person 0.6509 648 294 661 339
person 0.4208 1077 298 1100 344
person 0.4027 1004 86 1022 115
person 0.3881 935 226 955 257
person 0.3728 916 250 934 279
person 0.3082 868 200 880 227
person 0.1963 935 144 957 191
person 0.1415 919 240 941 279
person 0.1344 1061 278 1101 311
person 0.1126 1096 287 1114 318
person 0.1105 1077 282 1108 325
person 0.1075 0 362 22 390
person 0.0758 935 224 966 264
person 0.0748 990 15 1001 43
person 0.0621 937 140 956 172
person 0.0529 947 227 976 257
person 0.0516 1004 89 1037 117
person 0.0339 1098 274 1116 312
person 0.0298 1092 290 1116 332
person 0.0282 1017 44 1030 59
person 0.0258 1268 186 1279 210
person 0.0210 1064 274 1109 345
person 0.0185 1118 102 1139 135
person 0.0148 617 85 627 121
person 0.0090 1125 117 1143 136
person 0.0086 866 196 885 229
person 0.0078 592 83 603 97
person 0.0074 910 234 961 278
person 0.0072 1083 101 1099 125
person 0.0068 1126 97 1149 132
person 0.0068 0 336 23 389
person 0.0058 787 87 803 121
person 0.0058 1085 86 1112 119
person 0.0057 1115 112 1132 139
person 0.0057 1005 84 1020 103
person 0.0056 1109 95 1147 135
person 0.0053 1083 77 1150 132
person 0.0051 1087 90 1132 127
person 0.0047 618 86 628 98
person 0.0046 351 242 367 286
person 0.0032 916 224 945 273
person 0.0027 677 296 686 308
person 0.0020 1081 108 1094 126
person 0.0018 0 287 22 394
person 0.0018 1132 89 1162 119
person 0.0017 1100 338 1117 380
person 0.0017 1119 121 1139 142
person 0.0015 943 139 962 185
person 0.0015 841 116 852 140
person 0.0014 986 11 1005 46
person 0.0014 918 220 980 290
person 0.0014 907 249 945 282
person 0.0014 652 295 662 308
person 0.0014 896 208 968 285
person 0.0013 1105 281 1123 324
person 0.0012 634 293 677 344
person 0.0012 921 135 957 198
person 0.0011 0 354 32 434
person 0.0011 615 82 628 100
person 0.0010 785 86 813 126
person 0.0010 916 263 933 284
person 0.0010 649 292 658 312
