person 0.5204 812 211 836 281
person 0.3445 820 241 840 274
person 0.2974 699 82 717 116
person 0.2031 809 209 829 265
person 0.1169 628 271 639 288
person 0.0512 693 50 718 111
person 0.0344 681 359 706 426
person 0.0332 606 51 614 76
person 0.0115 705 49 719 66
person 0.0098 555 509 564 523
person 0.0080 515 575 526 590
person 0.0048 809 240 845 291
person 0.0042 684 392 704 427
person 0.0036 626 245 640 289
person 0.0035 802 207 826 283
person 0.0027 0 125 14 157
person 0.0018 813 245 832 290
person 0.0017 625 274 636 287
person 0.0014 703 48 723 78
person 0.0012 703 50 724 106
person 0.0012 670 289 701 416
person 0.0011 691 44 714 68
person 0.0011 689 80 727 120
person 0.0010 708 45 720 62
